0.0 136.0 1.7124060557901017 135.98921893113473 2
1.7124060557901017 135.98921893113473 3.424540617938839 135.9568774338249 2
3.424540617938839 135.9568774338249 5.1361322358488435 135.9029806356574 2
5.1361322358488435 135.9029806356574 6.846909545003908 135.82753708170716 2
6.846909545003908 135.82753708170716 8.55660130999252 135.73055873318225 2
8.55660130999252 135.73055873318225 10.2649364675109 135.61206096552758 2
10.2649364675109 135.61206096552758 11.97164416933878 135.47206256598713 2
11.97164416933878 135.47206256598713 13.676453825281076 135.31058573062552 2
13.676453825281076 135.31058573062552 15.379095146068616 135.12765606080856 2
15.379095146068616 135.12765606080856 17.079298186211233 134.92330255914462 2
17.079298186211233 134.92330255914462 18.776793386796257 134.6975576248863 2
18.776793386796257 134.6975576248863 20.471311618225812 134.4504570487936 2
20.471311618225812 134.4504570487936 22.162584222885975 134.1820400074596 2
22.162584222885975 134.1820400074596 23.85034305774116 133.89234905709907 2
23.85034305774116 133.89234905709907 25.534320536846838 133.58143012680154 2
25.534320536846838 133.58143012680154 27.21424967377406 133.24933251124935 2
27.21424967377406 133.24933251124935 28.889864123938786 132.8961088629022 2
28.889864123938786 132.8961088629022 30.560898226829565 132.52181518364952 2
30.560898226829565 132.52181518364952 32.2270870481267 132.1265108159315 2
32.2270870481267 132.1265108159315 33.888166421706295 131.7102584333306 2
33.888166421706295 131.7102584333306 35.543872991522505 131.27312403063513 2
35.543872991522505 131.27312403063513 37.19394425336136 130.81517691337595 2
37.19394425336136 130.81517691337595 38.83811859645954 130.33648968683843 2
38.83811859645954 130.33648968683843 40.47613534498146 129.83713824455137 2
40.47613534498146 129.83713824455137 42.10773479934816 129.31720175625424 2
42.10773479934816 129.31720175625424 43.73265827741145 128.77676265534538 2
43.73265827741145 128.77676265534538 45.350648155466665 128.2159066258125 2
45.350648155466665 128.2159066258125 46.96144790909763 127.63472258864792 2
46.96144790909763 127.63472258864792 48.5648021538474 127.03330268775058 2
48.5648021538474 127.03330268775058 50.160456685708226 126.4117422753171 2
50.160456685708226 126.4117422753171 51.74815852142433 125.77013989672405 2
51.74815852142433 125.77013989672405 53.32765593860115 125.10859727490424 2
53.32765593860115 125.10859727490424 54.898698515614775 124.42721929421889 2
54.898698515614775 124.42721929421889 56.46103717131503 123.72611398382874 2
56.46103717131503 123.72611398382874 58.014424204516025 123.00539250056669 2
58.014424204516025 123.00539250056669 59.55861333326809 122.2651691113142 2
59.55861333326809 122.2651691113142 61.093359733904485 121.50556117488507 2
61.093359733904485 121.50556117488507 62.61842007985704 120.7266891234186 2
62.61842007985704 120.7266891234186 64.13355258023435 119.92867644328572 2
64.13355258023435 119.92867644328572 65.63851701815666 119.11164965551086 2
65.63851701815666 119.11164965551086 67.13307478884091 118.27573829571257 2
67.13307478884091 118.27573829571257 68.61698893743053 117.42107489356643 2
68.61698893743053 117.42107489356643 70.09002419656335 116.54779495179291 2
70.09002419656335 116.54779495179291 71.5519470236722 115.65603692467423 2
71.5519470236722 115.65603692467423 73.00252563801182 114.74594219610307 2
73.00252563801182 114.74594219610307 74.44153005740671 113.81765505716683 2
74.44153005740671 113.81765505716683 75.86873213471361 112.87132268327093 2
75.86873213471361 112.87132268327093 77.28390559399307 111.90709511080505 2
77.28390559399307 111.90709511080505 78.68682606638451 110.9251252133553 2
78.68682606638451 110.9251252133553 80.07727112567873 109.92556867746711 2
80.07727112567873 109.92556867746711 81.45502032358253 108.9085839779618 2
81.45502032358253 108.9085839779618 82.81985522466971 107.87433235281111 2
82.81985522466971 107.87433235281111 84.17155944101293 106.82297777757381 2
84.17155944101293 106.82297777757381 85.50991866649102 105.75468693939806 2
85.50991866649102 105.75468693939806 86.83472071076606 104.66962921059411 2
86.83472071076606 104.66962921059411 88.14575553292522 103.56797662178104 2
88.14575553292522 103.56797662178104 89.44281527478172 102.44990383461213 2
89.44281527478172 102.44990383461213 90.72569429382969 101.31558811408321 2
90.72569429382969 101.31558811408321 91.99418919584777 100.16520930042809 2
91.99418919584777 100.16520930042809 93.24809886714638 98.99894978060571 2
93.24809886714638 98.99894978060571 94.48722450645322 97.81699445938374 2
94.48722450645322 97.81699445938374 95.71136965643221 96.61953073002263 2
95.71136965643221 96.61953073002263 96.92034023483099 95.40674844456551 2
96.92034023483099 95.40674844456551 98.11394456525157 94.17883988373791 2
98.11394456525157 94.17883988373791 99.29199340753979 92.9359997264627 2
99.29199340753979 92.9359997264627 100.45429998778836 91.67842501899464 2
100.45429998778836 91.67842501899464 101.60068002794898 90.40631514367969 2
101.60068002794898 90.40631514367969 102.73095177504874 89.11987178734387 2
102.73095177504874 89.11987178734387 103.84493603000612 87.81929890931681 2
103.84493603000612 87.81929890931681 104.9424561760422 86.50480270909507 2
104.9424561760422 86.50480270909507 106.02333820668233 85.17659159365003 2
106.02333820668233 85.17659159365003 107.08741075334406 83.83487614438617 2
107.08741075334406 83.83487614438617 108.13450511250674 82.47986908375432 2
108.13450511250674 82.47986908375432 109.1644552724587 81.11178524152557 2
109.1644552724587 81.11178524152557 110.17709793961754 79.730841520731 2
110.17709793961754 79.730841520731 111.17227256441959 78.3372568632729 2
111.17227256441959 78.3372568632729 112.14982136677422 76.93125221521248 2
112.14982136677422 76.93125221521248 113.10958936107909 75.51305049173993 2
113.10958936107909 75.51305049173993 114.05142438079243 74.08287654183242 2
114.05142438079243 74.08287654183242 114.97517710255828 72.64095711260528 2
114.97517710255828 72.64095711260528 115.88070106988089 71.18752081336243 2
115.88070106988089 71.18752081336243 116.76785271634482 69.72279807935136 2
116.76785271634482 69.72279807935136 117.63649138837664 68.24702113522896 2
117.63649138837664 68.24702113522896 118.48647936754485 66.76042395824318 2
118.48647936754485 66.76042395824318 119.31768189239443 65.2632422411373 2
119.31768189239443 65.2632422411373 120.12996717981278 63.75571335478182 2
120.12996717981278 63.75571335478182 120.92320644592307 62.238076310540556 2
120.92320644592307 62.238076310540556 121.69727392650242 60.71057172237659 2
121.69727392650242 60.71057172237659 122.45204689692126 59.17344176870395 2
122.45204689692126 59.17344176870395 123.18740569160053 57.62693015399157 2
123.18740569160053 57.62693015399157 123.90323372298431 56.071282070124994 2
123.90323372298431 56.071282070124994 124.59941750002402 54.50674415753254 2
124.59941750002402 54.50674415753254 125.27584664617197 52.93356446608147 2
125.27584664617197 52.93356446608147 125.932413916881 51.35199241575109 2
125.932413916881 51.35199241575109 126.56901521660755 49.762278757088346 2
126.56901521660755 49.762278757088346 127.1855496153156 48.164675531452446 2
127.1855496153156 48.164675531452446 127.7819193644785 46.55943603105513 2
127.7819193644785 46.55943603105513 128.35802991257663 44.94681475880222 2
128.35802991257663 44.94681475880222 128.91378992008805 43.327067387943615 2
128.91378992008805 43.327067387943615 129.4491112739699 41.700450721537344 2
129.4491112739699 41.700450721537344 129.9639091016283 40.06722265173487 2
129.9639091016283 40.06722265173487 130.4581017843746 38.42764211889349 2
130.4581017843746 38.42764211889349 130.93161097036548 36.78196907052246 2
130.93161097036548 36.78196907052246 131.3843615870253 35.13046442006985 2
131.3843615870253 35.13046442006985 131.81628185294852 33.47339000555572 2
131.81628185294852 33.47339000555572 132.22730328928026 31.81100854805921 2
132.22730328928026 31.81100854805921 132.61736073057332 30.143583610065164 2
132.61736073057332 30.143583610065164 132.98639233511983 28.471379553677796 2
132.98639233511983 28.471379553677796 133.3343395947559 26.794661498707264 2
133.3343395947559 26.794661498707264 133.66114734413796 25.113695280636126 2
133.66114734413796 25.113695280636126 133.9667637694887 23.428747408472635 2
133.9667637694887 23.428747408472635 134.25114041681215 21.7400850224968 2
134.25114041681215 21.7400850224968 134.51423219957567 20.047975851906813 2
134.51423219957567 20.047975851906813 134.7559974058583 18.352688172371668 2
134.7559974058583 18.352688172371668 134.97639770496386 16.654490763497567 2
134.97639770496386 16.654490763497567 135.1753981534982 14.953652866214123 2
135.1753981534982 14.953652866214123 135.35296720090926 13.250444140087444 2
135.35296720090926 13.250444140087444 135.5090766944893 11.545134620567126 2
135.5090766944893 11.545134620567126 135.64370188383828 9.837994676173203 2
135.64370188383828 9.837994676173203 135.75682142478797 8.129294965630779 2
135.75682142478797 8.129294965630779 135.84841738278604 6.419306394958171 2
135.84841738278604 6.419306394958171 135.91847523573944 4.70830007451628 2
135.91847523573944 4.70830007451628 135.96698387631662 2.996547276025276 2
135.96698387631662 2.996547276025276 135.99393561370894 1.2843193895557004 2
135.99393561370894 1.2843193895557004 135.9993261748496 -0.4281121194989015 2
135.9993261748496 -0.4281121194989015 135.98315470509147 -2.140475753461734 2
135.98315470509147 -2.140475753461734 135.94542376834227 -3.8525000254171458 2
135.94542376834227 -3.8525000254171458 135.8861393466583 -5.563913502253802 2
135.8861393466583 -5.563913502253802 135.8053108392959 -7.274444847698868 2
135.8053108392959 -7.274444847698868 135.70295106122137 -8.983822865337142 2
135.70295106122137 -8.983822865337142 135.579076241079 -10.69177654160803 2
135.579076241079 -10.69177654160803 135.43370601861838 -12.398035088773192 2
135.43370601861838 -12.398035088773192 135.2668634415803 -14.102327987848886 2
135.2668634415803 -14.102327987848886 135.07857496204295 -15.804385031495173 2
135.07857496204295 -15.804385031495173 134.8688704322278 -17.503936366856227 2
134.8688704322278 -17.503936366856227 134.63778309976692 -19.200712538343982 2
134.63778309976692 -19.200712538343982 134.38534960243155 -20.89444453035909 2
134.38534960243155 -20.89444453035909 134.11160996232343 -22.58486380994212 2
134.11160996232343 -22.58486380994212 133.8166075795295 -24.271702369347953 2
133.8166075795295 -24.271702369347953 133.50038922524098 -25.954692768537324 2
133.50038922524098 -25.954692768537324 133.1630050343381 -27.63356817757792 2
133.1630050343381 -27.63356817757792 132.80450849744136 -29.30806241894921 2
132.80450849744136 -29.30806241894921 132.424956452431 -30.97791000974334 2
132.424956452431 -30.97791000974334 132.02440907543541 -32.642846203756314 2
132.02440907543541 -32.642846203756314 131.60292987129074 -34.30260703346224 2
131.60292987129074 -34.30260703346224 131.16058566347235 -35.956929351863934 2
131.16058566347235 -35.956929351863934 130.69744658350032 -37.6055508742138 2
130.69744658350032 -37.6055508742138 130.2135860598205 -39.248210219597595 2
130.2135860598205 -39.248210219597595 129.70908080616263 -40.8846469523753 2
129.70908080616263 -40.8846469523753 129.184010809378 -42.51460162347174 2
129.184010809378 -42.51460162347174 128.6384593167577 -44.13781581151107 2
128.6384593167577 -44.13781581151107 128.0725128228342 -45.754032163788274 2
128.0725128228342 -45.754032163788274 127.48626105566818 -47.362994437071016 2
127.48626105566818 -47.362994437071016 126.87979696262252 -48.964447538225976 2
126.87979696262252 -48.964447538225976 126.25321669562591 -50.55813756466239 2
126.25321669562591 -50.55813756466239 125.60661959592846 -52.14381184458729 2
125.60661959592846 -52.14381184458729 124.94010817835162 -53.72121897706523 2
124.94010817835162 -53.72121897706523 124.25378811503504 -55.2901088718767 2
124.25378811503504 -55.2901088718767 123.54776821868259 -56.850232789168814 2
123.54776821868259 -56.850232789168814 122.82216042531077 -58.40134337889178 2
122.82216042531077 -58.40134337889178 122.07707977650182 -59.94319472001481 2
122.07707977650182 -59.94319472001481 121.31264440116433 -61.47554235951606 2
121.31264440116433 -61.47554235951606 120.52897549680455 -62.99814335113926 2
120.52897549680455 -62.99814335113926 119.72619731031104 -64.51075629391174 2
119.72619731031104 -64.51075629391174 118.90443711825608 -66.01314137041719 2
118.90443711825608 -66.01314137041719 118.06382520671647 -67.50506038481781 2
118.06382520671647 -67.50506038481781 117.20449485061728 -68.98627680061905 2
117.20449485061728 -68.98627680061905 116.32658229260187 -70.45655577817102 2
116.32658229260187 -70.45655577817102 115.43022672143121 -71.91566421190163 2
115.43022672143121 -71.91566421190163 114.5155702499162 -73.36337076727398 2
114.5155702499162 -73.36337076727398 113.58275789238627 -74.7994459174636 2
113.58275789238627 -74.7994459174636 112.63193754169839 -76.22366197974846 2
112.63193754169839 -76.22366197974846 111.66325994578897 -77.63579315160734 2
111.66325994578897 -77.63579315160734 110.67687868377368 -79.03561554651957 2
110.67687868377368 -79.03561554651957 109.67295014159838 -80.4229072294609 2
109.67295014159838 -80.4229072294609 108.65163348724465 -81.7974482520907 2
108.65163348724465 -81.7974482520907 107.61309064549461 -83.1590206876233 2
107.61309064549461 -83.1590206876233 106.55748627225844 -84.50740866537944 2
106.55748627225844 -84.50740866537944 105.48498772846924 -85.84239840501135 2
105.48498772846924 -85.84239840501135 104.39576505354836 -87.16377825039672 2
104.39576505354836 -87.16377825039672 103.28999093844679 -88.47133870319573 2
103.28999093844679 -88.47133870319573 102.16784069826585 -89.76487245606586 2
102.16784069826585 -89.76487245606586 101.02949224446162 -91.04417442552966 2
101.02949224446162 -91.04417442552966 99.87512605663812 -92.3090417844896 2
99.87512605663812 -92.3090417844896 98.70492515393306 -93.55927399438536 2
98.70492515393306 -93.55927399438536 97.51907506600116 -94.7946728369882 2
97.51907506600116 -94.7946728369882 96.31776380359925 -96.01504244582755 2
96.31776380359925 -96.01504244582755 95.10118182877794 -97.22018933724475 2
95.10118182877794 -97.22018933724475 93.86952202468514 -98.40992244106867 2
93.86952202468514 -98.40992244106867 92.62297966498502 -99.58405313090933 2
92.62297966498502 -99.58405313090933 91.3617523828985 -100.74239525406341 2
91.3617523828985 -100.74239525406341 90.08604013986943 -101.88476516102803 2
90.08604013986943 -101.88476516102803 88.79604519386179 -103.01098173461729 2
88.79604519386179 -103.01098173461729 87.49197206729238 -104.12086641867774 2
87.49197206729238 -104.12086641867774 86.17402751460506 -105.21424324639746 2
86.17402751460506 -105.21424324639746 84.84242048949083 -106.29093886820469 2
84.84242048949083 -106.29093886820469 83.49736211175906 -107.35078257925176 2
83.49736211175906 -107.35078257925176 82.1390656338656 -108.3936063464793 2
82.1390656338656 -108.3936063464793 80.76774640710258 -109.41924483525725 2
80.76774640710258 -109.41924483525725 79.38362184745566 -110.42753543559759 2
79.38362184745566 -110.42753543559759 77.98691140113358 -111.41831828793568 2
77.98691140113358 -111.41831828793568 76.57783650977609 -112.39143630847506 2
76.57783650977609 -112.39143630847506 75.15662057534561 -113.34673521409223 2
75.15662057534561 -113.34673521409223 73.72348892470774 -114.2840635467977 2
73.72348892470774 -114.2840635467977 72.27866877390686 -115.20327269774874 2
72.27866877390686 -115.20327269774874 70.8223891921421 -116.10421693081072 2
70.8223891921421 -116.10421693081072 69.35488106544966 -116.98675340566268 2
69.35488106544966 -116.98675340566268 67.87637706009681 -117.8507422004442 2
67.87637706009681 -117.8507422004442 66.38711158569379 -118.69604633393921 2
66.38711158569379 -118.69604633393921 64.88732075802945 -119.52253178729357 2
64.88732075802945 -119.52253178729357 63.377242361636064 -120.33006752526336 2
63.377242361636064 -120.33006752526336 61.85711581208987 -121.11852551698976 2
61.85711581208987 -121.11852551698976 60.32718211805279 -121.88778075629767 2
60.32718211805279 -121.88778075629767 58.787683843061906 -122.63771128151487 2
58.787683843061906 -122.63771128151487 57.23886506707188 -123.36819819480846 2
57.23886506707188 -123.36819819480846 55.68097134775742 -124.07912568103555 2
55.68097134775742 -124.07912568103555 54.11424968158146 -124.77038102610516 2
54.11424968158146 -124.77038102610516 52.53894846463479 -125.44185463484845 2
52.53894846463479 -125.44185463484845 50.9553174532542 -126.09344004839463 2
50.9553174532542 -126.09344004839463 49.3636077244248 -126.72503396104935 2
49.3636077244248 -126.72503396104935 47.764071635973195 -127.33653623667334 2
47.764071635973195 -127.33653623667334 46.15696278655697 -127.92784992455863 2
46.15696278655697 -127.92784992455863 44.542535975458144 -128.4988812747995 2
44.542535975458144 -128.4988812747995 42.92104716218607 -129.04953975315604 2
42.92104716218607 -129.04953975315604 41.29275342589597 -129.57973805540803 2
41.29275342589597 -129.57973805540803 39.65791292463057 -130.08939212119648 2
39.65791292463057 -130.08939212119648 38.01678485439021 -130.57842114735118 2
38.01678485439021 -130.57842114735118 36.36962940803886 -131.0467476007013 2
36.36962940803886 -131.0467476007013 34.71670773405145 -131.49429723036832 2
34.71670773405145 -131.49429723036832 33.05828189511021 -131.92099907953786 2
33.05828189511021 -131.92099907953786 31.394614826556115 -132.32678549670956 2
31.394614826556115 -132.32678549670956 29.725970294701376 -132.71159214642304 2
29.725970294701376 -132.71159214642304 28.052612855010846 -133.07535801945784 2
28.052612855010846 -133.07535801945784 26.37480781015789 -133.4180254425062 2
26.37480781015789 -133.4180254425062 24.692821167962208 -133.73954008731687 2
24.692821167962208 -133.73954008731687 23.00691959921521 -134.03985097930857 2
23.00691959921521 -134.03985097930857 21.317370395400847 -134.31891050565176 2
21.317370395400847 -134.31891050565176 19.624441426318025 -134.57667442281746 2
19.624441426318025 -134.57667442281746 17.9284010976108 -134.81310186359184 2
17.9284010976108 -134.81310186359184 16.2295183082142 -135.02815534355545 2
16.2295183082142 -135.02815534355545 14.528062407721496 -135.22180076702628 2
14.528062407721496 -135.22180076702628 12.824303153680374 -135.39400743246543 2
12.824303153680374 -135.39400743246543 11.118510668823825 -135.54474803734468 2
11.118510668823825 -135.54474803734468 9.410955398243692 -135.67399868247514 2
9.410955398243692 -135.67399868247514 7.701908066513083 -135.7817388757965 2
7.701908066513083 -135.7817388757965 5.99163963476396 -135.86795153562568 2
5.99163963476396 -135.86795153562568 4.280421257727802 -135.93262299336533 2
4.280421257727802 -135.93262299336533 2.568524240745233 -135.97574299567077 2
2.568524240745233 -135.97574299567077 0.8562199967521128 -135.99730470607557 2
0.8562199967521128 -135.99730470607557 -0.8562199967520192 -135.99730470607557 2
-0.8562199967520192 -135.99730470607557 -2.5685242407452 -135.97574299567077 2
-2.5685242407452 -135.97574299567077 -4.280421257727709 -135.93262299336533 2
-4.280421257727709 -135.93262299336533 -5.991639634763866 -135.86795153562568 2
-5.991639634763866 -135.86795153562568 -7.701908066512989 -135.7817388757965 2
-7.701908066512989 -135.7817388757965 -9.41095539824366 -135.67399868247514 2
-9.41095539824366 -135.67399868247514 -11.118510668823733 -135.54474803734468 2
-11.118510668823733 -135.54474803734468 -12.82430315368028 -135.39400743246543 2
-12.82430315368028 -135.39400743246543 -14.528062407721462 -135.22180076702628 2
-14.528062407721462 -135.22180076702628 -16.229518308214104 -135.02815534355545 2
-16.229518308214104 -135.02815534355545 -17.928401097610706 -134.81310186359184 2
-17.928401097610706 -134.81310186359184 -19.624441426317933 -134.5766744228175 2
-19.624441426317933 -134.5766744228175 -21.317370395400815 -134.3189105056518 2
-21.317370395400815 -134.3189105056518 -23.006919599215117 -134.03985097930857 2
-23.006919599215117 -134.03985097930857 -24.692821167962116 -133.7395400873169 2
-24.692821167962116 -133.7395400873169 -26.374807810157854 -133.4180254425062 2
-26.374807810157854 -133.4180254425062 -28.05261285501075 -133.07535801945787 2
-28.05261285501075 -133.07535801945787 -29.725970294701284 -132.71159214642304 2
-29.725970294701284 -132.71159214642304 -31.394614826556026 -132.3267854967096 2
-31.394614826556026 -132.3267854967096 -33.058281895110184 -131.92099907953786 2
-33.058281895110184 -131.92099907953786 -34.71670773405136 -131.49429723036835 2
-34.71670773405136 -131.49429723036835 -36.36962940803877 -131.04674760070134 2
-36.36962940803877 -131.04674760070134 -38.01678485439018 -130.57842114735118 2
-38.01678485439018 -130.57842114735118 -39.65791292463048 -130.0893921211965 2
-39.65791292463048 -130.0893921211965 -41.29275342589589 -129.57973805540806 2
-41.29275342589589 -129.57973805540806 -42.92104716218598 -129.04953975315607 2
-42.92104716218598 -129.04953975315607 -44.54253597545811 -128.49888127479952 2
-44.54253597545811 -128.49888127479952 -46.15696278655688 -127.92784992455866 2
-46.15696278655688 -127.92784992455866 -47.7640716359731 -127.33653623667337 2
-47.7640716359731 -127.33653623667337 -49.363607724424774 -126.72503396104935 2
-49.363607724424774 -126.72503396104935 -50.95531745325412 -126.09344004839465 2
-50.95531745325412 -126.09344004839465 -52.5389484646347 -125.44185463484848 2
-52.5389484646347 -125.44185463484848 -54.114249681581384 -124.77038102610518 2
-54.114249681581384 -124.77038102610518 -55.68097134775739 -124.07912568103556 2
-55.68097134775739 -124.07912568103556 -57.23886506707179 -123.36819819480849 2
-57.23886506707179 -123.36819819480849 -58.78768384306182 -122.6377112815149 2
-58.78768384306182 -122.6377112815149 -60.32718211805276 -121.8877807562977 2
-60.32718211805276 -121.8877807562977 -61.85711581208979 -121.11852551698982 2
-61.85711581208979 -121.11852551698982 -63.377242361635986 -120.33006752526342 2
-63.377242361635986 -120.33006752526342 -64.88732075802936 -119.52253178729362 2
-64.88732075802936 -119.52253178729362 -66.38711158569375 -118.69604633393922 2
-66.38711158569375 -118.69604633393922 -67.87637706009674 -117.85074220044426 2
-67.87637706009674 -117.85074220044426 -69.35488106544959 -116.98675340566274 2
-69.35488106544959 -116.98675340566274 -70.82238919214205 -116.10421693081074 2
-70.82238919214205 -116.10421693081074 -72.27866877390679 -115.20327269774879 2
-72.27866877390679 -115.20327269774879 -73.72348892470767 -114.28406354679774 2
-73.72348892470767 -114.28406354679774 -75.15662057534554 -113.34673521409228 2
-75.15662057534554 -113.34673521409228 -76.57783650977606 -112.39143630847508 2
-76.57783650977606 -112.39143630847508 -77.98691140113351 -111.41831828793573 2
-77.98691140113351 -111.41831828793573 -79.38362184745559 -110.42753543559763 2
-79.38362184745559 -110.42753543559763 -80.76774640710255 -109.41924483525726 2
-80.76774640710255 -109.41924483525726 -82.13906563386553 -108.39360634647937 2
-82.13906563386553 -108.39360634647937 -83.49736211175897 -107.35078257925181 2
-83.49736211175897 -107.35078257925181 -84.84242048949076 -106.29093886820475 2
-84.84242048949076 -106.29093886820475 -86.17402751460503 -105.21424324639747 2
-86.17402751460503 -105.21424324639747 -87.49197206729231 -104.12086641867779 2
-87.49197206729231 -104.12086641867779 -88.7960451938617 -103.01098173461735 2
-88.7960451938617 -103.01098173461735 -90.08604013986941 -101.88476516102806 2
-90.08604013986941 -101.88476516102806 -91.36175238289844 -100.74239525406347 2
-91.36175238289844 -100.74239525406347 -92.62297966498495 -99.5840531309094 2
-92.62297966498495 -99.5840531309094 -93.86952202468507 -98.40992244106873 2
-93.86952202468507 -98.40992244106873 -95.10118182877791 -97.22018933724478 2
-95.10118182877791 -97.22018933724478 -96.31776380359918 -96.01504244582762 2
-96.31776380359918 -96.01504244582762 -97.51907506600111 -94.79467283698825 2
-97.51907506600111 -94.79467283698825 -98.70492515393302 -93.55927399438539 2
-98.70492515393302 -93.55927399438539 -99.87512605663807 -92.30904178448966 2
-99.87512605663807 -92.30904178448966 -101.02949224446157 -91.04417442552973 2
-101.02949224446157 -91.04417442552973 -102.16784069826579 -89.76487245606594 2
-102.16784069826579 -89.76487245606594 -103.28999093844673 -88.47133870319581 2
-103.28999093844673 -88.47133870319581 -104.3957650535483 -87.16377825039679 2
-104.3957650535483 -87.16377825039679 -105.48498772846922 -85.84239840501138 2
-105.48498772846922 -85.84239840501138 -106.5574862722584 -84.50740866537953 2
-106.5574862722584 -84.50740866537953 -107.61309064549455 -83.15902068762338 2
-107.61309064549455 -83.15902068762338 -108.65163348724464 -81.79744825209072 2
-108.65163348724464 -81.79744825209072 -109.67295014159832 -80.42290722946099 2
-109.67295014159832 -80.42290722946099 -110.67687868377367 -79.0356155465196 2
-110.67687868377367 -79.0356155465196 -111.66325994578888 -77.63579315160749 2
-111.66325994578888 -77.63579315160749 -112.63193754169835 -76.22366197974854 2
-112.63193754169835 -76.22366197974854 -113.58275789238625 -74.79944591746363 2
-113.58275789238625 -74.79944591746363 -114.5155702499161 -73.36337076727412 2
-114.5155702499161 -73.36337076727412 -115.43022672143117 -71.9156642119017 2
-115.43022672143117 -71.9156642119017 -116.32658229260186 -70.45655577817107 2
-116.32658229260186 -70.45655577817107 -117.20449485061722 -68.98627680061912 2
-117.20449485061722 -68.98627680061912 -118.06382520671643 -67.5050603848179 2
-118.06382520671643 -67.5050603848179 -118.90443711825607 -66.01314137041722 2
-118.90443711825607 -66.01314137041722 -119.72619731031098 -64.51075629391183 2
-119.72619731031098 -64.51075629391183 -120.52897549680449 -62.99814335113934 2
-120.52897549680449 -62.99814335113934 -121.31264440116432 -61.47554235951609 2
-121.31264440116432 -61.47554235951609 -122.07707977650178 -59.94319472001489 2
-122.07707977650178 -59.94319472001489 -122.82216042531076 -58.40134337889181 2
-122.82216042531076 -58.40134337889181 -123.54776821868252 -56.850232789168956 2
-123.54776821868252 -56.850232789168956 -124.253788115035 -55.29010887187678 2
-124.253788115035 -55.29010887187678 -124.94010817835161 -53.72121897706526 2
-124.94010817835161 -53.72121897706526 -125.60661959592841 -52.14381184458741 2
-125.60661959592841 -52.14381184458741 -126.25321669562588 -50.55813756466247 2
-126.25321669562588 -50.55813756466247 -126.8797969626225 -48.96444753822601 2
-126.8797969626225 -48.96444753822601 -127.48626105566815 -47.36299443707114 2
-127.48626105566815 -47.36299443707114 -128.07251282283417 -45.75403216378834 2
-128.07251282283417 -45.75403216378834 -128.6384593167577 -44.1378158115111 2
-128.6384593167577 -44.1378158115111 -129.18401080937798 -42.51460162347183 2
-129.18401080937798 -42.51460162347183 -129.70908080616263 -40.88464695237536 2
-129.70908080616263 -40.88464695237536 -130.21358605982047 -39.248210219597624 2
-130.21358605982047 -39.248210219597624 -130.6974465835003 -37.60555087421389 2
-130.6974465835003 -37.60555087421389 -131.16058566347232 -35.95692935186399 2
-131.16058566347232 -35.95692935186399 -131.6029298712907 -34.30260703346235 2
-131.6029298712907 -34.30260703346235 -132.0244090754354 -32.6428462037564 2
-132.0244090754354 -32.6428462037564 -132.42495645243096 -30.977910009743372 2
-132.42495645243096 -30.977910009743372 -132.80450849744133 -29.30806241894933 2
-132.80450849744133 -29.30806241894933 -133.16300503433808 -27.633568177578017 2
-133.16300503433808 -27.633568177578017 -133.50038922524098 -25.954692768537356 2
-133.50038922524098 -25.954692768537356 -133.81660757952946 -24.271702369348073 2
-133.81660757952946 -24.271702369348073 -134.11160996232343 -22.584863809942185 2
-134.11160996232343 -22.584863809942185 -134.38534960243155 -20.894444530359127 2
-134.38534960243155 -20.894444530359127 -134.6377830997669 -19.200712538344078 2
-134.6377830997669 -19.200712538344078 -134.8688704322278 -17.503936366856287 2
-134.8688704322278 -17.503936366856287 -135.07857496204292 -15.804385031495205 2
-135.07857496204292 -15.804385031495205 -135.26686344158028 -14.102327987848978 2
-135.26686344158028 -14.102327987848978 -135.43370601861838 -12.398035088773257 2
-135.43370601861838 -12.398035088773257 -135.579076241079 -10.691776541608153 2
-135.579076241079 -10.691776541608153 -135.70295106122137 -8.983822865337238 2
-135.70295106122137 -8.983822865337238 -135.8053108392959 -7.274444847698901 2
-135.8053108392959 -7.274444847698901 -135.8861393466583 -5.563913502253926 2
-135.8861393466583 -5.563913502253926 -135.94542376834227 -3.85250002541724 2
-135.94542376834227 -3.85250002541724 -135.98315470509147 -2.1404757534617667 2
-135.98315470509147 -2.1404757534617667 -135.9993261748496 -0.4281121194990254 2
-135.9993261748496 -0.4281121194990254 -135.99393561370894 1.2843193895556366 2
-135.99393561370894 1.2843193895556366 -135.96698387631662 2.9965472760252427 2
-135.96698387631662 2.9965472760252427 -135.91847523573944 4.7083000745161865 2
-135.91847523573944 4.7083000745161865 -135.84841738278607 6.419306394958108 2
-135.84841738278607 6.419306394958108 -135.75682142478797 8.129294965630745 2
-135.75682142478797 8.129294965630745 -135.64370188383828 9.837994676173107 2
-135.64370188383828 9.837994676173107 -135.5090766944893 11.545134620567064 2
-135.5090766944893 11.545134620567064 -135.3529672009093 13.250444140087321 2
-135.3529672009093 13.250444140087321 -135.1753981534982 14.95365286621403 2
-135.1753981534982 14.95365286621403 -134.9763977049639 16.654490763497535 2
-134.9763977049639 16.654490763497535 -134.75599740585832 18.352688172371543 2
-134.75599740585832 18.352688172371543 -134.51423219957567 20.047975851906717 2
-134.51423219957567 20.047975851906717 -134.25114041681215 21.740085022496768 2
-134.25114041681215 21.740085022496768 -133.96676376948872 23.428747408472514 2
-133.96676376948872 23.428747408472514 -133.66114734413796 25.113695280636065 2
-133.66114734413796 25.113695280636065 -133.33433959475593 26.79466149870723 2
-133.33433959475593 26.79466149870723 -132.98639233511983 28.471379553677707 2
-132.98639233511983 28.471379553677707 -132.61736073057335 30.143583610065104 2
-132.61736073057335 30.143583610065104 -132.22730328928026 31.811008548059174 2
-132.22730328928026 31.811008548059174 -131.81628185294855 33.47339000555563 2
-131.81628185294855 33.47339000555563 -131.3843615870253 35.13046442006979 2
-131.3843615870253 35.13046442006979 -130.9316109703655 36.78196907052234 2
-130.9316109703655 36.78196907052234 -130.45810178437463 38.427642118893395 2
-130.45810178437463 38.427642118893395 -129.9639091016283 40.067222651734845 2
-129.9639091016283 40.067222651734845 -129.44911127396992 41.70045072153722 2
-129.44911127396992 41.70045072153722 -128.91378992008808 43.32706738794353 2
-128.91378992008808 43.32706738794353 -128.35802991257665 44.94681475880219 2
-128.35802991257665 44.94681475880219 -127.78191936447854 46.559436031055014 2
-127.78191936447854 46.559436031055014 -127.18554961531562 48.16467553145238 2
-127.18554961531562 48.16467553145238 -126.56901521660757 49.76227875708831 2
-126.56901521660757 49.76227875708831 -125.93241391688103 51.351992415751 2
-125.93241391688103 51.351992415751 -125.275846646172 52.93356446608141 2
-125.275846646172 52.93356446608141 -124.59941750002403 54.50674415753251 2
-124.59941750002403 54.50674415753251 -123.90323372298435 56.071282070124916 2
-123.90323372298435 56.071282070124916 -123.18740569160056 57.626930153991516 2
-123.18740569160056 57.626930153991516 -122.45204689692132 59.17344176870384 2
-122.45204689692132 59.17344176870384 -121.69727392650246 60.710571722376514 2
-121.69727392650246 60.710571722376514 -120.92320644592309 62.23807631054052 2
-120.92320644592309 62.23807631054052 -120.12996717981284 63.755713354781705 2
-120.12996717981284 63.755713354781705 -119.31768189239448 65.26324224113723 2
-119.31768189239448 65.26324224113723 -118.48647936754486 66.76042395824315 2
-118.48647936754486 66.76042395824315 -117.6364913883767 68.24702113522885 2
-117.6364913883767 68.24702113522885 -116.76785271634486 69.7227980793513 2
-116.76785271634486 69.7227980793513 -115.8807010698809 71.1875208133624 2
-115.8807010698809 71.1875208133624 -114.97517710255832 72.6409571126052 2
-114.97517710255832 72.6409571126052 -114.05142438079247 74.08287654183238 2
-114.05142438079247 74.08287654183238 -113.1095893610791 75.51305049173992 2
-113.1095893610791 75.51305049173992 -112.14982136677426 76.9312522152124 2
-112.14982136677426 76.9312522152124 -111.17227256441961 78.33725686327286 2
-111.17227256441961 78.33725686327286 -110.17709793961762 79.73084152073089 2
-110.17709793961762 79.73084152073089 -109.16445527245875 81.1117852415255 2
-109.16445527245875 81.1117852415255 -108.13450511250677 82.4798690837543 2
-108.13450511250677 82.4798690837543 -107.08741075334414 83.83487614438609 2
-107.08741075334414 83.83487614438609 -106.0233382066824 85.17659159364997 2
-106.0233382066824 85.17659159364997 -104.94245617604223 86.50480270909505 2
-104.94245617604223 86.50480270909505 -103.8449360300062 87.81929890931674 2
-103.8449360300062 87.81929890931674 -102.7309517750488 89.11987178734381 2
-102.7309517750488 89.11987178734381 -101.60068002794901 90.40631514367966 2
-101.60068002794901 90.40631514367966 -100.45429998778843 91.67842501899456 2
-100.45429998778843 91.67842501899456 -99.29199340753983 92.93599972646264 2
-99.29199340753983 92.93599972646264 -98.11394456525159 94.1788398837379 2
-98.11394456525159 94.1788398837379 -96.92034023483106 95.40674844456544 2
-96.92034023483106 95.40674844456544 -95.71136965643224 96.61953073002259 2
-95.71136965643224 96.61953073002259 -94.4872245064533 97.81699445938365 2
-94.4872245064533 97.81699445938365 -93.24809886714645 98.99894978060566 2
-93.24809886714645 98.99894978060566 -91.99418919584782 100.16520930042805 2
-91.99418919584782 100.16520930042805 -90.72569429382978 101.31558811408313 2
-90.72569429382978 101.31558811408313 -89.4428152747818 102.44990383461209 2
-89.4428152747818 102.44990383461209 -88.14575553292525 103.56797662178101 2
-88.14575553292525 103.56797662178101 -86.83472071076613 104.66962921059405 2
-86.83472071076613 104.66962921059405 -85.50991866649106 105.75468693939803 2
-85.50991866649106 105.75468693939803 -84.17155944101296 106.82297777757378 2
-84.17155944101296 106.82297777757378 -82.8198552246698 107.87433235281105 2
-82.8198552246698 107.87433235281105 -81.45502032358257 108.90858397796175 2
-81.45502032358257 108.90858397796175 -80.07727112567875 109.9255686774671 2
-80.07727112567875 109.9255686774671 -78.6868260663846 110.92512521335524 2
-78.6868260663846 110.92512521335524 -77.28390559399313 111.90709511080502 2
-77.28390559399313 111.90709511080502 -75.86873213471371 112.87132268327088 2
-75.86873213471371 112.87132268327088 -74.4415300574068 113.81765505716676 2
-74.4415300574068 113.81765505716676 -73.00252563801186 114.74594219610304 2
-73.00252563801186 114.74594219610304 -71.5519470236723 115.65603692467415 2
-71.5519470236723 115.65603692467415 -70.09002419656342 116.54779495179287 2
-70.09002419656342 116.54779495179287 -68.61698893743056 117.42107489356641 2
-68.61698893743056 117.42107489356641 -67.13307478884101 118.27573829571253 2
-67.13307478884101 118.27573829571253 -65.63851701815672 119.11164965551082 2
-65.63851701815672 119.11164965551082 -64.13355258023438 119.92867644328571 2
-64.13355258023438 119.92867644328571 -62.61842007985713 120.72668912341854 2
-62.61842007985713 120.72668912341854 -61.09335973390454 121.50556117488505 2
-61.09335973390454 121.50556117488505 -59.558613333268106 122.2651691113142 2
-59.558613333268106 122.2651691113142 -58.01442420451611 123.00539250056664 2
-58.01442420451611 123.00539250056664 -56.46103717131507 123.72611398382872 2
-56.46103717131507 123.72611398382872 -54.898698515614896 124.42721929421883 2
-54.898698515614896 124.42721929421883 -53.32765593860123 125.10859727490421 2
-53.32765593860123 125.10859727490421 -51.748158521424365 125.77013989672403 2
-51.748158521424365 125.77013989672403 -50.16045668570834 126.41174227531704 2
-50.16045668570834 126.41174227531704 -48.56480215384748 127.03330268775055 2
-48.56480215384748 127.03330268775055 -46.96144790909766 127.6347225886479 2
-46.96144790909766 127.6347225886479 -45.35064815546677 128.21590662581247 2
-45.35064815546677 128.21590662581247 -43.73265827741152 128.77676265534535 2
-43.73265827741152 128.77676265534535 -42.10773479934819 129.31720175625424 2
-42.10773479934819 129.31720175625424 -40.47613534498155 129.83713824455134 2
-40.47613534498155 129.83713824455134 -38.8381185964596 130.33648968683843 2
-38.8381185964596 130.33648968683843 -37.19394425336137 130.81517691337595 2
-37.19394425336137 130.81517691337595 -35.5438729915226 131.27312403063513 2
-35.5438729915226 131.27312403063513 -33.88816642170634 131.7102584333306 2
-33.88816642170634 131.7102584333306 -32.227087048126826 132.12651081593148 2
-32.227087048126826 132.12651081593148 -30.560898226829647 132.52181518364952 2
-30.560898226829647 132.52181518364952 -28.889864123938825 132.8961088629022 2
-28.889864123938825 132.8961088629022 -27.214249673774177 133.2493325112493 2
-27.214249673774177 133.2493325112493 -25.534320536846913 133.5814301268015 2
-25.534320536846913 133.5814301268015 -23.85034305774119 133.89234905709907 2
-23.85034305774119 133.89234905709907 -22.16258422288609 134.18204000745956 2
-22.16258422288609 134.18204000745956 -20.471311618225876 134.4504570487936 2
-20.471311618225876 134.4504570487936 -18.77679338679628 134.6975576248863 2
-18.77679338679628 134.6975576248863 -17.079298186211332 134.92330255914462 2
-17.079298186211332 134.92330255914462 -15.379095146068677 135.12765606080853 2
-15.379095146068677 135.12765606080853 -13.67645382528109 135.3105857306255 2
-13.67645382528109 135.3105857306255 -11.971644169338875 135.47206256598713 2
-11.971644169338875 135.47206256598713 -10.26493646751095 135.61206096552755 2
-10.26493646751095 135.61206096552755 -8.556601309992647 135.73055873318225 2
-8.556601309992647 135.73055873318225 -6.846909545003993 135.82753708170716 2
-6.846909545003993 135.82753708170716 -5.136132235848884 135.9029806356574 2
-5.136132235848884 135.9029806356574 -3.4245406179389586 135.9568774338249 2
-3.4245406179389586 135.9568774338249 -1.7124060557901783 135.98921893113473 2
-1.7124060557901783 135.98921893113473 -3.3310392936808004e-14 136.0 2
0.0 65.0 0.818429364899681 64.99484728326293 3
0.818429364899681 64.99484728326293 1.6367289718090041 64.97938994998985 3
1.6367289718090041 64.97938994998985 2.454769083310109 64.95363045086567 3
2.454769083310109 64.95363045086567 3.272420003126868 64.91757286993357 3
3.272420003126868 64.91757286993357 4.089552096687601 64.8712229239474 3
4.089552096687601 64.8712229239474 4.906035811678003 64.81458796146538 3
4.906035811678003 64.81458796146538 5.721741698581035 64.74767696168503 3
5.721741698581035 64.74767696168503 6.536540431200514 64.67050053301955 3
6.536540431200514 64.67050053301955 7.350302827165148 64.58307091141585 3
7.350302827165148 64.58307091141585 8.16289986840978 64.48540195841471 3
8.16289986840978 64.48540195841471 8.974202721630563 64.377509158953 3
8.974202721630563 64.377509158953 9.784082758710866 64.2594096189087 3
9.784082758710866 64.2594096189087 10.592411577114621 64.13112206238878 3
10.592411577114621 64.13112206238878 11.399061020243936 63.99266682876059 3
11.399061020243936 63.99266682876059 12.203903197757679 63.844065869427205 3
12.203903197757679 63.844065869427205 13.006810505847895 63.68534274434711 3
13.006810505847895 63.68534274434711 13.807655647470744 63.51652261829884 3
13.807655647470744 63.51652261829884 14.606311652528836 63.33763225689132 3
14.606311652528836 63.33763225689132 15.40265189800173 63.148700022320206 3
15.40265189800173 63.148700022320206 16.196550128021393 62.94975586887125 3
16.196550128021393 62.94975586887125 16.987880473889433 62.740831338171205 3
16.987880473889433 62.740831338171205 17.776517474033003 62.521959554187035 3
17.776517474033003 62.521959554187035 18.562336093896104 62.29317521797425 3
18.562336093896104 62.29317521797425 19.345211745763198 62.05451460217528 3
19.345211745763198 62.05451460217528 20.12502030851199 61.806015545268565 3
20.12502030851199 61.806015545268565 20.90163814729224 61.54771744556948 3
20.90163814729224 61.54771744556948 21.67494213312745 61.279661254983914 3
21.67494213312745 61.279661254983914 22.444809662436366 61.00188947251555 3
22.444809662436366 61.00188947251555 23.211118676471184 60.71444613752785 3
23.211118676471184 60.71444613752785 23.973747680669373 60.417376822761845 3
23.973747680669373 60.417376822761845 24.73257576391604 60.11072862711076 3
24.73257576391604 60.11072862711076 25.487482617713784 59.79455016815276 3
25.487482617713784 59.79455016815276 26.238348555257062 59.46889157444285 3
26.238348555257062 59.46889157444285 26.98505453040792 59.13380447756521 3
26.98505453040792 59.13380447756521 27.72748215657016 58.78934200394731 3
27.72748215657016 58.78934200394731 28.465513725459015 58.435558766436934 3
28.465513725459015 58.435558766436934 29.199032225763172 58.0725108556436 3
29.199032225763172 58.0725108556436 29.927921361696377 57.70025583104565 3
29.927921361696377 57.70025583104565 30.652065571435536 57.3188527118645 3
30.652065571435536 57.3188527118645 31.37135004544252 56.928361967707396 3
31.37135004544252 56.928361967707396 32.08566074466661 56.528845508980275 3
32.08566074466661 56.528845508980275 32.79488441862489 56.12036667707219 3
32.79488441862489 56.12036667707219 33.49890862335749 55.702990234312786 3
33.49890862335749 55.702990234312786 34.19762173925509 55.2767823537046 3
34.19762173925509 55.2767823537046 34.890912988755645 54.841810608431615 3
34.890912988755645 54.841810608431615 35.578672453907615 54.39814396114591 3
35.578672453907615 54.39814396114591 36.260791093796946 53.945852753033904 3
36.260791093796946 53.945852753033904 36.937160761834924 53.48500869266418 3
36.937160761834924 53.48500869266418 37.607674222904365 53.01568484461834 3
37.607674222904365 53.01568484461834 38.27222517036116 52.53795561790708 3
38.27222517036116 52.53795561790708 38.930708242888706 52.05189675417292 3
38.930708242888706 52.05189675417292 39.583019041202434 51.557585315681784 3
39.583019041202434 51.557585315681784 40.22905414460177 51.055099673105126 3
40.22905414460177 51.055099673105126 40.868711127367035 50.544519493094654 3
40.868711127367035 50.544519493094654 41.50188857499848 50.0259257256516 3
41.50188857499848 50.0259257256516 42.12848610029515 49.49940059129241 3
42.12848610029515 49.49940059129241 42.74840435927068 48.96502756801315 3
42.74840435927068 48.96502756801315 43.36154506690389 48.42289137805448 3
43.36154506690389 48.42289137805448 43.96781101272136 47.87307797446931 3
43.96781101272136 47.87307797446931 44.56710607620967 47.31567452749538 3
44.56710607620967 47.31567452749538 45.15933524205485 46.750769410734875 3
45.15933524205485 46.750769410734875 45.74440461520658 46.17845218714317 3
45.74440461520658 46.17845218714317 46.32222143576481 45.5988135948291 3
46.32222143576481 45.5988135948291 46.89269409368641 45.011945532668854 3
46.89269409368641 45.011945532668854 47.45573214330946 44.41794104573585 3
47.45573214330946 44.41794104573585 48.011246317692965 43.81689431054891 3
48.011246317692965 43.81689431054891 48.559148542769734 43.20890062014103 3
48.559148542769734 43.20890062014103 49.09935195131006 42.59405636895111 3
49.09935195131006 42.59405636895111 49.63177089669411 41.97245903754113 3
49.63177089669411 41.97245903754113 50.15632096649075 41.34420717714103 3
50.15632096649075 41.34420717714103 50.67291899584082 40.709400394023916 3
50.67291899584082 40.709400394023916 51.18148308064239 40.06813933371398 3
51.18148308064239 40.06813933371398 51.681932590536306 39.42052566502964 3
51.681932590536306 39.42052566502964 52.174188181689814 38.766662063964425 3
52.174188181689814 38.766662063964425 52.658171809376036 38.106652197408195 3
52.658171809376036 38.106652197408195 53.1338067403476 37.440600706711315 3
53.1338067403476 37.440600706711315 53.60101756500238 36.7686131910942 3
53.60101756500238 36.7686131910942 54.05973020933927 36.09079619090512 3
54.05973020933927 36.09079619090512 54.50987194670226 35.407257170728734 3
54.50987194670226 35.407257170728734 54.951371409310944 34.71810450234811 3
54.951371409310944 34.71810450234811 55.38415859957542 34.02344744756292 3
55.38415859957542 34.02344744756292 55.80816490119422 33.32339614086646 3
55.80816490119422 33.32339614086646 56.223323090032956 32.61806157198443 3
56.223323090032956 32.61806157198443 56.62956734478246 31.907555568277992 3
56.62956734478246 31.907555568277992 57.026833257394394 31.19199077701415 3
57.026833257394394 31.19199077701415 57.41505784329287 30.471480647506016 3
57.41505784329287 30.471480647506016 57.79417955136029 29.746139413126 3
57.79417955136029 29.746139413126 58.16413827369601 29.016082073194696 3
58.16413827369601 29.016082073194696 58.524875355146186 28.281424374748212 3
58.524875355146186 28.281424374748212 58.8763336026032 27.54228279418715 3
58.8763336026032 27.54228279418715 59.21845729407339 26.79877451880974 3
59.21845729407339 26.79877451880974 59.551192187511475 26.051017428232463 3
59.551192187511475 26.051017428232463 59.874485529420426 25.299130075700702 3
59.874485529420426 25.299130075700702 60.18828606321518 24.5432316692928 3
60.18828606321518 24.5432316692928 60.4925440373492 23.783442053020167 3
60.4925440373492 23.783442053020167 60.787211213202305 23.019881687826537 3
60.787211213202305 23.019881687826537 61.07224087272869 22.252671632489584 3
61.07224087272869 22.252671632489584 61.34758782586383 21.481933524427532 3
61.34758782586383 21.481933524427532 61.61320841768914 20.70778956041423 3
61.61320841768914 20.70778956041423 61.869060535353256 19.93036247720535 3
61.869060535353256 19.93036247720535 62.115103614748826 19.14977553207917 3
62.115103614748826 19.14977553207917 62.35129864694374 18.36615248329468 3
62.35129864694374 18.36615248329468 62.57760818436586 17.579617570470294 3
62.57760818436586 17.579617570470294 62.79399634674002 16.790295494886326 3
62.79399634674002 16.790295494886326 63.00042882677686 15.998311399714131 3
63.00042882677686 15.998311399714131 63.19687289561188 15.203790850175357 3
63.19687289561188 15.203790850175357 63.383297407994604 14.406859813634085 3
63.383297407994604 14.406859813634085 63.559672807226384 13.607644639625418 3
63.559672807226384 13.607644639625418 63.72597112984658 12.806272039823325 3
63.72597112984658 12.806272039823325 63.88216601006593 12.002869067951089 3
63.88216601006593 12.002869067951089 64.0282326839468 11.197563099637657 3
64.0282326839468 11.197563099637657 64.16414799332934 10.390481812222736 3
64.16414799332934 10.390481812222736 64.28989038950307 9.581753164514286 3
64.28989038950307 9.581753164514286 64.40543993662345 8.771505376501166 3
64.40543993662345 8.771505376501166 64.51077831487243 7.959866909024572 3
64.51077831487243 7.959866909024572 64.60588882336312 7.146966443411161 3
64.60588882336312 7.146966443411161 64.69075638278753 6.332932861071205 3
64.69075638278753 6.332932861071205 64.76536753780738 5.51789522306517 3
64.76536753780738 5.51789522306517 64.82971045918741 4.701982749641604 3
64.82971045918741 4.701982749641604 64.88377494567072 3.8853247997500047 3
64.88377494567072 3.8853247997500047 64.92755242559628 3.068050850531479 3
64.92755242559628 3.068050850531479 64.96103595825781 2.250290476790869 3
64.96103595825781 2.250290476790869 64.98422023500427 1.4321733304532571 3
64.98422023500427 1.4321733304532571 64.99710158008148 0.6138291200082391 3
64.99710158008148 0.6138291200082391 64.99967795121489 -0.20461241005462205 3
64.99967795121489 -0.20461241005462205 64.99194893993342 -1.0230214998162699 3
64.99194893993342 -1.0230214998162699 64.97391577163418 -1.8412683945008417 3
64.97391577163418 -1.8412683945008417 64.94558130538816 -2.6592233650477732 3
64.94558130538816 -2.6592233650477732 64.90695003348702 -3.476756728679606 3
64.90695003348702 -3.476756728679606 64.8580280807308 -4.293738869462605 3
64.8580280807308 -4.293738869462605 64.79882320345689 -5.110040258856779 3
64.79882320345689 -5.110040258856779 64.72934478831026 -5.925531476251893 3
64.72934478831026 -5.925531476251893 64.6496038507553 -6.7400832294866 3
64.6496038507553 -6.7400832294866 64.55961303332934 -7.553566375346957 3
64.55961303332934 -7.553566375346957 64.45938660363828 -8.36585194004158 3
64.45938660363828 -8.36585194004158 64.34894045209448 -9.176811139649699 3
64.34894045209448 -9.176811139649699 64.22829208939743 -9.986315400539272 3
64.22829208939743 -9.986315400539272 64.09746064375751 -10.79423637975175 3
64.09746064375751 -10.79423637975175 63.956466857863354 -11.600445985350124 3
63.956466857863354 -11.600445985350124 63.80533308559311 -12.404816396727396 3
63.80533308559311 -12.404816396727396 63.64408328847042 -13.207220084871802 3
63.64408328847042 -13.207220084871802 63.47274303186536 -14.007529832586018 3
63.47274303186536 -14.007529832586018 63.29133948094128 -14.805618754656743 3
63.29133948094128 -14.805618754656743 63.09990139634781 -15.601360317971766 3
63.09990139634781 -15.601360317971766 62.89845912966101 -16.39462836158122 3
62.89845912966101 -16.39462836158122 62.687044618571335 -17.185297116699672 3
62.687044618571335 -17.185297116699672 62.46569138182001 -17.973241226646298 3
62.46569138182001 -17.973241226646298 62.23443451388479 -18.758335766719437 3
62.23443451388479 -18.758335766719437 61.99331067941597 -19.540456264002902 3
61.99331067941597 -19.540456264002902 61.74235810742331 -20.319478717100466 3
61.74235810742331 -20.319478717100466 61.48161658521507 -21.09527961579573 3
61.48161658521507 -21.09527961579573 61.21112745208987 -21.867735960634104 3
61.21112745208987 -21.867735960634104 60.93093359278259 -22.636725282423647 3
60.93093359278259 -22.636725282423647 60.64107943066518 -23.402125661652118 3
60.64107943066518 -23.402125661652118 60.34161092070356 -24.16381574781658 3
60.34161092070356 -24.16381574781658 60.03257554217169 -24.921674778663043 3
60.03257554217169 -24.921674778663043 59.71402229112394 -25.675582599332643 3
59.71402229112394 -25.675582599332643 59.38600167262704 -26.425419681411654 3
59.38600167262704 -26.425419681411654 59.0485656927527 -27.171067141882155 3
59.0485656927527 -27.171067141882155 58.70176785033235 -27.912406761970338 3
58.70176785033235 -27.912406761970338 58.34566312847514 -28.64932100588943 3
58.34566312847514 -28.64932100588943 57.9803079858506 -29.381693039474587 3
57.9803079858506 -29.381693039474587 57.605760347737466 -30.109406748706263 3
57.605760347737466 -30.109406748706263 57.22207959683983 -30.83234675811958 3
57.22207959683983 -30.83234675811958 56.82932656387239 -31.55039844909645 3
56.82932656387239 -31.55039844909645 56.42756351791596 -32.263447978037924 3
56.42756351791596 -32.263447978037924 56.01685415654502 -32.971382294413516 3
56.01685415654502 -32.971382294413516 55.59726359572884 -33.67408915868468 3
55.59726359572884 -33.67408915868468 55.16885835950756 -34.37145716010004 3
55.16885835950756 -34.37145716010004 54.731706369445234 -35.063375734358885 3
54.731706369445234 -35.063375734358885 54.28587693386109 -35.74973518114069 3
54.28587693386109 -35.74973518114069 53.831440736841145 -36.43042668149743 3
53.831440736841145 -36.43042668149743 53.36846982703149 -37.105342315106455 3
53.36846982703149 -37.105342315106455 52.897037606215356 -37.774375077380675 3
52.897037606215356 -37.774375077380675 52.417218817675696 -38.43741889643352 3
52.417218817675696 -38.43741889643352 51.929089534344875 -39.094368649896296 3
51.929089534344875 -39.094368649896296 51.43272714674375 -39.74512018158467 3
51.43272714674375 -39.74512018158467 50.92821035071176 -40.38957031801224 3
50.92821035071176 -40.38957031801224 50.41561913493015 -41.02761688474807 3
50.41561913493015 -41.02761688474807 49.89503476824002 -41.65915872261608 3
49.89503476824002 -41.65915872261608 49.36653978675766 -42.28409570373326 3
49.36653978675766 -42.28409570373326 48.83021798078883 -42.90232874738442 3
48.83021798078883 -42.90232874738442 48.28615438154416 -43.51375983573109 3
48.28615438154416 -43.51375983573109 47.73443524765793 -44.11829202935164 3
47.73443524765793 -44.11829202935164 47.175148051512124 -44.71582948261065 3
47.175148051512124 -44.71582948261065 46.608381465368204 -45.30627745885465 3
46.608381465368204 -45.30627745885465 46.034225347308464 -45.88954234543228 3
46.034225347308464 -45.88954234543228 45.452770726989456 -46.46553166853609 3
45.452770726989456 -46.46553166853609 44.864109791209806 -47.034154107863706 3
44.864109791209806 -47.034154107863706 44.26833586929431 -47.59531951109637 3
44.26833586929431 -47.59531951109637 43.665543418297084 -48.14893890819207 3
43.665543418297084 -48.14893890819207 43.055828008025834 -48.69492452549134 3
43.055828008025834 -48.69492452549134 42.43928630588982 -49.23318979963326 3
42.43928630588982 -49.23318979963326 41.81601606157356 -49.7636493912798 3
41.81601606157356 -49.7636493912798 41.18611609153918 -50.28621919864584 3
41.18611609153918 -50.28621919864584 40.54968626335959 -50.800816370833125 3
40.54968626335959 -50.800816370833125 39.90682747988484 -51.307359320965915 3
39.90682747988484 -51.307359320965915 39.25764166324459 -51.80576773912614 3
39.25764166324459 -51.80576773912614 38.60223173868873 -52.29596260508618 3
38.60223173868873 -52.29596260508618 37.940701618269244 -52.77786620083708 3
37.940701618269244 -52.77786620083708 37.27315618436532 -53.251402122910434 3
37.27315618436532 -53.251402122910434 36.59970127305475 -53.71649529449176 3
36.59970127305475 -53.71649529449176 35.9204436573343 -54.173071977323495 3
35.9204436573343 -54.173071977323495 35.2354910301912 -54.62105978339596 3
35.2354910301912 -54.62105978339596 34.54495198752901 -55.06038768642403 3
34.54495198752901 -55.06038768642403 33.84893601095026 -55.490986033108065 3
33.84893601095026 -55.490986033108065 33.14755345039874 -55.91278655417702 3
33.14755345039874 -55.91278655417702 32.44091550666392 -56.32572237521231 3
32.44091550666392 -56.32572237521231 31.729134213750704 -56.72972802725035 3
31.729134213750704 -56.72972802725035 31.012322421117016 -57.12473945716237 3
31.012322421117016 -57.12473945716237 30.290593775781943 -57.5106940378097 3
30.290593775781943 -57.5106940378097 29.56406270430766 -57.88753057797305 3
29.56406270430766 -57.88753057797305 28.832844394657585 -58.25518933205404 3
28.832844394657585 -58.25518933205404 28.097054777933998 -58.61361200954755 3
28.097054777933998 -58.61361200954755 27.356810509997587 -58.96274178428345 3
27.356810509997587 -58.96274178428345 26.612228952972295 -59.30252330343611 3
26.612228952972295 -59.30252330343611 25.8634281566382 -59.632902696300256 3
25.8634281566382 -59.632902696300256 25.110526839715156 -59.95382758283198 3
25.110526839715156 -59.95382758283198 24.353644371040613 -60.26524708195331 3
24.353644371040613 -60.26524708195331 23.59290075064421 -60.56711181961917 3
23.59290075064421 -60.56711181961917 22.828416590722483 -60.85937393664534 3
22.828416590722483 -60.85937393664534 22.060313096516197 -61.141987096296404 3
22.060313096516197 -61.141987096296404 21.288712047093963 -61.41490649163211 3
21.288712047093963 -61.41490649163211 20.51373577604481 -61.67808885261134 3
20.51373577604481 -61.67808885261134 19.735507152082633 -61.93149245295236 3
19.735507152082633 -61.93149245295236 18.954149559566083 -62.17507711674832 3
18.954149559566083 -62.17507711674832 18.1697868789365 -62.408804224836956 3
18.1697868789365 -62.408804224836956 17.382543467077397 -62.632636720923415 3
17.382543467077397 -62.632636720923415 16.592544137598118 -62.84653911745545 3
16.592544137598118 -62.84653911745545 15.799914141045322 -63.05047750124971 3
15.799914141045322 -63.05047750124971 15.004779145045203 -63.244419538868534 3
15.004779145045203 -63.244419538868534 14.207265214379333 -63.428334481746305 3
14.207265214379333 -63.428334481746305 13.40749879099783 -63.60219317106441 3
13.40749879099783 -63.60219317106441 12.60560667397252 -63.7659680423743 3
12.60560667397252 -63.7659680423743 11.801715999393702 -63.91963312996763 3
11.801715999393702 -63.91963312996763 10.995954220213152 -64.06316407099307 3
10.995954220213152 -64.06316407099307 10.188449086037169 -64.19653810931885 3
10.188449086037169 -64.19653810931885 9.379328622872585 -64.3197340991407 3
9.379328622872585 -64.3197340991407 8.56872111282869 -64.43273250833433 3
8.56872111282869 -64.43273250833433 7.756755073778845 -64.53551542155223 3
7.756755073778845 -64.53551542155223 6.943559238984538 -64.62806654306404 3
6.943559238984538 -64.62806654306404 6.129262536685473 -64.71037119934009 3
6.129262536685473 -64.71037119934009 5.313994069658446 -64.78241634137797 3
5.313994069658446 -64.78241634137797 4.497883094748824 -64.84419054677122 3
4.497883094748824 -64.84419054677122 3.681059002377576 -64.89568402152038 3
3.681059002377576 -64.89568402152038 2.8636512960268923 -64.9368886015858 3
2.8636512960268923 -64.9368886015858 2.045789571708141 -64.96779775418196 3
2.045789571708141 -64.96779775418196 1.2276034974150012 -64.98840657881323 3
1.2276034974150012 -64.98840657881323 0.40922279256534805 -64.99871180805081 3
0.40922279256534805 -64.99871180805081 -0.40922279256530325 -64.99871180805081 3
-0.40922279256530325 -64.99871180805081 -1.2276034974149852 -64.98840657881323 3
-1.2276034974149852 -64.98840657881323 -2.045789571708096 -64.96779775418196 3
-2.045789571708096 -64.96779775418196 -2.8636512960268474 -64.9368886015858 3
-2.8636512960268474 -64.9368886015858 -3.681059002377532 -64.89568402152038 3
-3.681059002377532 -64.89568402152038 -4.497883094748808 -64.84419054677122 3
-4.497883094748808 -64.84419054677122 -5.313994069658402 -64.78241634137797 3
-5.313994069658402 -64.78241634137797 -6.129262536685427 -64.7103711993401 3
-6.129262536685427 -64.7103711993401 -6.943559238984522 -64.62806654306404 3
-6.943559238984522 -64.62806654306404 -7.7567550737788 -64.53551542155225 3
-7.7567550737788 -64.53551542155225 -8.568721112828648 -64.43273250833434 3
-8.568721112828648 -64.43273250833434 -9.379328622872542 -64.3197340991407 3
-9.379328622872542 -64.3197340991407 -10.188449086037155 -64.19653810931887 3
-10.188449086037155 -64.19653810931887 -10.995954220213108 -64.06316407099307 3
-10.995954220213108 -64.06316407099307 -11.801715999393657 -63.919633129967636 3
-11.801715999393657 -63.919633129967636 -12.605606673972504 -63.7659680423743 3
-12.605606673972504 -63.7659680423743 -13.407498790997785 -63.602193171064414 3
-13.407498790997785 -63.602193171064414 -14.20726521437929 -63.42833448174631 3
-14.20726521437929 -63.42833448174631 -15.004779145045159 -63.24441953886855 3
-15.004779145045159 -63.24441953886855 -15.799914141045308 -63.05047750124971 3
-15.799914141045308 -63.05047750124971 -16.592544137598075 -62.846539117455464 3
-16.592544137598075 -62.846539117455464 -17.382543467077355 -62.63263672092343 3
-17.382543467077355 -62.63263672092343 -18.169786878936485 -62.40880422483696 3
-18.169786878936485 -62.40880422483696 -18.95414955956604 -62.175077116748334 3
-18.95414955956604 -62.175077116748334 -19.735507152082594 -61.93149245295238 3
-19.735507152082594 -61.93149245295238 -20.51373577604477 -61.67808885261135 3
-20.51373577604477 -61.67808885261135 -21.28871204709395 -61.41490649163212 3
-21.28871204709395 -61.41490649163212 -22.060313096516158 -61.14198709629642 3
-22.060313096516158 -61.14198709629642 -22.828416590722437 -60.859373936645355 3
-22.828416590722437 -60.859373936645355 -23.592900750644194 -60.56711181961917 3
-23.592900750644194 -60.56711181961917 -24.35364437104057 -60.265247081953326 3
-24.35364437104057 -60.265247081953326 -25.110526839715114 -59.95382758283199 3
-25.110526839715114 -59.95382758283199 -25.86342815663816 -59.63290269630027 3
-25.86342815663816 -59.63290269630027 -26.61222895297228 -59.30252330343612 3
-26.61222895297228 -59.30252330343612 -27.356810509997548 -58.962741784283466 3
-27.356810509997548 -58.962741784283466 -28.09705477793396 -58.613612009547566 3
-28.09705477793396 -58.613612009547566 -28.83284439465757 -58.255189332054044 3
-28.83284439465757 -58.255189332054044 -29.56406270430762 -57.887530577973074 3
-29.56406270430762 -57.887530577973074 -30.290593775781904 -57.51069403780972 3
-30.290593775781904 -57.51069403780972 -31.012322421116977 -57.12473945716239 3
-31.012322421116977 -57.12473945716239 -31.72913421375069 -56.72972802725036 3
-31.72913421375069 -56.72972802725036 -32.440915506663885 -56.32572237521233 3
-32.440915506663885 -56.32572237521233 -33.147553450398696 -55.91278655417704 3
-33.147553450398696 -55.91278655417704 -33.84893601095025 -55.49098603310807 3
-33.84893601095025 -55.49098603310807 -34.544951987528975 -55.06038768642405 3
-34.544951987528975 -55.06038768642405 -35.23549103019116 -54.62105978339598 3
-35.23549103019116 -54.62105978339598 -35.92044365733427 -54.17307197732352 3
-35.92044365733427 -54.17307197732352 -36.599701273054734 -53.716495294491764 3
-36.599701273054734 -53.716495294491764 -37.27315618436528 -53.25140212291046 3
-37.27315618436528 -53.25140212291046 -37.94070161826921 -52.7778662008371 3
-37.94070161826921 -52.7778662008371 -38.602231738688715 -52.29596260508619 3
-38.602231738688715 -52.29596260508619 -39.257641663244556 -51.80576773912617 3
-39.257641663244556 -51.80576773912617 -39.906827479884804 -51.30735932096594 3
-39.906827479884804 -51.30735932096594 -40.549686263359554 -50.800816370833154 3
-40.549686263359554 -50.800816370833154 -41.18611609153917 -50.286219198645846 3
-41.18611609153917 -50.286219198645846 -41.81601606157353 -49.76364939127983 3
-41.81601606157353 -49.76364939127983 -42.43928630588979 -49.233189799633294 3
-42.43928630588979 -49.233189799633294 -43.05582800802583 -48.69492452549135 3
-43.05582800802583 -48.69492452549135 -43.665543418297055 -48.1489389081921 3
-43.665543418297055 -48.1489389081921 -44.268335869294276 -47.5953195110964 3
-44.268335869294276 -47.5953195110964 -44.86410979120978 -47.034154107863735 3
-44.86410979120978 -47.034154107863735 -45.45277072698944 -46.4655316685361 3
-45.45277072698944 -46.4655316685361 -46.03422534730843 -45.88954234543232 3
-46.03422534730843 -45.88954234543232 -46.608381465368176 -45.30627745885468 3
-46.608381465368176 -45.30627745885468 -47.17514805151211 -44.715829482610665 3
-47.17514805151211 -44.715829482610665 -47.7344352476579 -44.11829202935168 3
-47.7344352476579 -44.11829202935168 -48.28615438154413 -43.51375983573112 3
-48.28615438154413 -43.51375983573112 -48.8302179807888 -42.90232874738446 3
-48.8302179807888 -42.90232874738446 -49.366539786757635 -42.28409570373329 3
-49.366539786757635 -42.28409570373329 -49.895034768239995 -41.65915872261611 3
-49.895034768239995 -41.65915872261611 -50.41561913493014 -41.027616884748085 3
-50.41561913493014 -41.027616884748085 -50.92821035071174 -40.389570318012275 3
-50.92821035071174 -40.389570318012275 -51.432727146743716 -39.7451201815847 3
-51.432727146743716 -39.7451201815847 -51.92908953434487 -39.0943686498963 3
-51.92908953434487 -39.0943686498963 -52.41721881767567 -38.437418896433556 3
-52.41721881767567 -38.437418896433556 -52.89703760621535 -37.77437507738069 3
-52.89703760621535 -37.77437507738069 -53.36846982703145 -37.10534231510652 3
-53.36846982703145 -37.10534231510652 -53.831440736841124 -36.430426681497465 3
-53.831440736841124 -36.430426681497465 -54.28587693386108 -35.74973518114071 3
-54.28587693386108 -35.74973518114071 -54.73170636944519 -35.06337573435895 3
-54.73170636944519 -35.06337573435895 -55.16885835950754 -34.37145716010008 3
-55.16885835950754 -34.37145716010008 -55.59726359572883 -33.674089158684694 3
-55.59726359572883 -33.674089158684694 -56.016854156544994 -32.97138229441355 3
-56.016854156544994 -32.97138229441355 -56.427563517915935 -32.263447978037966 3
-56.427563517915935 -32.263447978037966 -56.829326563872385 -31.550398449096463 3
-56.829326563872385 -31.550398449096463 -57.22207959683981 -30.83234675811962 3
-57.22207959683981 -30.83234675811962 -57.605760347737444 -30.109406748706302 3
-57.605760347737444 -30.109406748706302 -57.980307985850594 -29.3816930394746 3
-57.980307985850594 -29.3816930394746 -58.34566312847511 -28.64932100588947 3
-58.34566312847511 -28.64932100588947 -58.701767850332345 -27.912406761970352 3
-58.701767850332345 -27.912406761970352 -59.048565692752675 -27.171067141882222 3
-59.048565692752675 -27.171067141882222 -59.386001672627025 -26.4254196814117 3
-59.386001672627025 -26.4254196814117 -59.71402229112393 -25.67558259933266 3
-59.71402229112393 -25.67558259933266 -60.03257554217167 -24.9216747786631 3
-60.03257554217167 -24.9216747786631 -60.341610920703545 -24.16381574781662 3
-60.341610920703545 -24.16381574781662 -60.64107943066517 -23.402125661652136 3
-60.64107943066517 -23.402125661652136 -60.93093359278257 -22.636725282423704 3
-60.93093359278257 -22.636725282423704 -61.211127452089855 -21.867735960634132 3
-61.211127452089855 -21.867735960634132 -61.48161658521507 -21.09527961579575 3
-61.48161658521507 -21.09527961579575 -61.74235810742329 -20.31947871710051 3
-61.74235810742329 -20.31947871710051 -61.99331067941596 -19.54045626400293 3
-61.99331067941596 -19.54045626400293 -62.234434513884786 -18.75833576671945 3
-62.234434513884786 -18.75833576671945 -62.465691381819994 -17.973241226646344 3
-62.465691381819994 -17.973241226646344 -62.68704461857133 -17.1852971166997 3
-62.68704461857133 -17.1852971166997 -62.898459129661 -16.394628361581272 3
-62.898459129661 -16.394628361581272 -63.099901396347796 -15.601360317971809 3
-63.099901396347796 -15.601360317971809 -63.291339480941275 -14.80561875465676 3
-63.291339480941275 -14.80561875465676 -63.47274303186535 -14.007529832586076 3
-63.47274303186535 -14.007529832586076 -63.644083288470405 -13.207220084871846 3
-63.644083288470405 -13.207220084871846 -63.80533308559311 -12.404816396727414 3
-63.80533308559311 -12.404816396727414 -63.95646685786335 -11.60044598535018 3
-63.95646685786335 -11.60044598535018 -64.09746064375751 -10.79423637975178 3
-64.09746064375751 -10.79423637975178 -64.22829208939743 -9.986315400539288 3
-64.22829208939743 -9.986315400539288 -64.34894045209447 -9.176811139649743 3
-64.34894045209447 -9.176811139649743 -64.45938660363828 -8.365851940041608 3
-64.45938660363828 -8.365851940041608 -64.55961303332934 -7.553566375346972 3
-64.55961303332934 -7.553566375346972 -64.64960385075528 -6.740083229486644 3
-64.64960385075528 -6.740083229486644 -64.72934478831026 -5.9255314762519244 3
-64.72934478831026 -5.9255314762519244 -64.79882320345689 -5.110040258856838 3
-64.79882320345689 -5.110040258856838 -64.8580280807308 -4.293738869462651 3
-64.8580280807308 -4.293738869462651 -64.90695003348702 -3.476756728679622 3
-64.90695003348702 -3.476756728679622 -64.94558130538816 -2.6592233650478323 3
-64.94558130538816 -2.6592233650478323 -64.97391577163418 -1.8412683945008865 3
-64.97391577163418 -1.8412683945008865 -64.99194893993342 -1.0230214998162857 3
-64.99194893993342 -1.0230214998162857 -64.99967795121489 -0.20461241005468125 3
-64.99967795121489 -0.20461241005468125 -64.99710158008148 0.6138291200082087 3
-64.99710158008148 0.6138291200082087 -64.98422023500427 1.4321733304532411 3
-64.98422023500427 1.4321733304532411 -64.96103595825781 2.2502904767908247 3
-64.96103595825781 2.2502904767908247 -64.92755242559628 3.0680508505314483 3
-64.92755242559628 3.0680508505314483 -64.88377494567072 3.8853247997499887 3
-64.88377494567072 3.8853247997499887 -64.82971045918741 4.701982749641559 3
-64.82971045918741 4.701982749641559 -64.76536753780738 5.517895223065141 3
-64.76536753780738 5.517895223065141 -64.69075638278753 6.332932861071146 3
-64.69075638278753 6.332932861071146 -64.60588882336312 7.1469664434111175 3
-64.60588882336312 7.1469664434111175 -64.51077831487244 7.959866909024556 3
-64.51077831487244 7.959866909024556 -64.40543993662345 8.771505376501105 3
-64.40543993662345 8.771505376501105 -64.28989038950309 9.58175316451424 3
-64.28989038950309 9.58175316451424 -64.16414799332934 10.390481812222719 3
-64.16414799332934 10.390481812222719 -64.02823268394681 11.197563099637598 3
-64.02823268394681 11.197563099637598 -63.88216601006594 12.00286906795106 3
-63.88216601006594 12.00286906795106 -63.725971129846585 12.806272039823309 3
-63.725971129846585 12.806272039823309 -63.55967280722639 13.607644639625374 3
-63.55967280722639 13.607644639625374 -63.38329740799461 14.406859813634057 3
-63.38329740799461 14.406859813634057 -63.19687289561188 15.203790850175341 3
-63.19687289561188 15.203790850175341 -63.000428826776876 15.998311399714087 3
-63.000428826776876 15.998311399714087 -62.79399634674003 16.790295494886298 3
-62.79399634674003 16.790295494886298 -62.57760818436587 17.579617570470237 3
-62.57760818436587 17.579617570470237 -62.351298646943754 18.366152483294638 3
-62.351298646943754 18.366152483294638 -62.115103614748826 19.149775532079154 3
-62.115103614748826 19.149775532079154 -61.86906053535327 19.930362477205293 3
-61.86906053535327 19.930362477205293 -61.61320841768915 20.707789560414184 3
-61.61320841768915 20.707789560414184 -61.34758782586384 21.481933524427518 3
-61.34758782586384 21.481933524427518 -61.07224087272871 22.252671632489527 3
-61.07224087272871 22.252671632489527 -60.78721121320232 23.01988168782651 3
-60.78721121320232 23.01988168782651 -60.492544037349205 23.78344205302015 3
-60.492544037349205 23.78344205302015 -60.188286063215195 24.54323166929276 3
-60.188286063215195 24.54323166929276 -59.87448552942044 25.299130075700674 3
-59.87448552942044 25.299130075700674 -59.55119218751149 26.05101742823245 3
-59.55119218751149 26.05101742823245 -59.21845729407341 26.7987745188097 3
-59.21845729407341 26.7987745188097 -58.87633360260321 27.54228279418712 3
-58.87633360260321 27.54228279418712 -58.52487535514622 28.281424374748156 3
-58.52487535514622 28.281424374748156 -58.16413827369603 29.016082073194656 3
-58.16413827369603 29.016082073194656 -57.794179551360294 29.746139413125984 3
-57.794179551360294 29.746139413125984 -57.4150578432929 30.47148064750596 3
-57.4150578432929 30.47148064750596 -57.02683325739442 31.191990777014116 3
-57.02683325739442 31.191990777014116 -56.629567344782465 31.907555568277978 3
-56.629567344782465 31.907555568277978 -56.223323090032984 32.61806157198438 3
-56.223323090032984 32.61806157198438 -55.80816490119424 33.323396140866436 3
-55.80816490119424 33.323396140866436 -55.38415859957543 34.02344744756291 3
-55.38415859957543 34.02344744756291 -54.951371409310966 34.71810450234807 3
-54.951371409310966 34.71810450234807 -54.50987194670228 35.407257170728705 3
-54.50987194670228 35.407257170728705 -54.05973020933928 36.09079619090511 3
-54.05973020933928 36.09079619090511 -53.60101756500241 36.76861319109416 3
-53.60101756500241 36.76861319109416 -53.133806740347616 37.440600706711294 3
-53.133806740347616 37.440600706711294 -52.65817180937607 38.106652197408145 3
-52.65817180937607 38.106652197408145 -52.17418818168985 38.76666206396439 3
-52.17418818168985 38.76666206396439 -51.68193259053632 39.42052566502962 3
-51.68193259053632 39.42052566502962 -51.18148308064242 40.06813933371394 3
-51.18148308064242 40.06813933371394 -50.672918995840845 40.70940039402388 3
-50.672918995840845 40.70940039402388 -50.156320966490775 41.344207177141016 3
-50.156320966490775 41.344207177141016 -49.631770896694135 41.97245903754109 3
-49.631770896694135 41.97245903754109 -49.099351951310084 42.59405636895109 3
-49.099351951310084 42.59405636895109 -48.55914854276975 43.208900620141016 3
-48.55914854276975 43.208900620141016 -48.011246317693 43.81689431054887 3
-48.011246317693 43.81689431054887 -47.45573214330948 44.41794104573582 3
-47.45573214330948 44.41794104573582 -46.892694093686416 45.01194553266885 3
-46.892694093686416 45.01194553266885 -46.32222143576484 45.598813594829075 3
-46.32222143576484 45.598813594829075 -45.74440461520659 46.17845218714315 3
-45.74440461520659 46.17845218714315 -45.15933524205489 46.75076941073483 3
-45.15933524205489 46.75076941073483 -44.567106076209704 47.31567452749535 3
-44.567106076209704 47.31567452749535 -43.967811012721384 47.87307797446928 3
-43.967811012721384 47.87307797446928 -43.361545066903936 48.42289137805444 3
-43.361545066903936 48.42289137805444 -42.74840435927071 48.96502756801313 3
-42.74840435927071 48.96502756801313 -42.128486100295156 49.49940059129239 3
-42.128486100295156 49.49940059129239 -41.501888574998524 50.02592572565157 3
-41.501888574998524 50.02592572565157 -40.86871112736706 50.54451949309464 3
-40.86871112736706 50.54451949309464 -40.22905414460178 51.05509967310511 3
-40.22905414460178 51.05509967310511 -39.58301904120247 51.55758531568175 3
-39.58301904120247 51.55758531568175 -38.930708242888734 52.0518967541729 3
-38.930708242888734 52.0518967541729 -38.27222517036117 52.53795561790707 3
-38.27222517036117 52.53795561790707 -37.6076742229044 53.01568484461831 3
-37.6076742229044 53.01568484461831 -36.937160761834946 53.48500869266417 3
-36.937160761834946 53.48500869266417 -36.260791093796996 53.945852753033876 3
-36.260791093796996 53.945852753033876 -35.578672453907664 54.398143961145884 3
-35.578672453907664 54.398143961145884 -34.890912988755666 54.8418106084316 3
-34.890912988755666 54.8418106084316 -34.19762173925515 55.27678235370456 3
-34.19762173925515 55.27678235370456 -33.498908623357515 55.702990234312765 3
-33.498908623357515 55.702990234312765 -32.7948844186249 56.120366677072184 3
-32.7948844186249 56.120366677072184 -32.08566074466666 56.528845508980254 3
-32.08566074466666 56.528845508980254 -31.371350045442547 56.92836196770738 3
-31.371350045442547 56.92836196770738 -30.652065571435546 57.318852711864494 3
-30.652065571435546 57.318852711864494 -29.92792136169642 57.70025583104563 3
-29.92792136169642 57.70025583104563 -29.199032225763197 58.072510855643586 3
-29.199032225763197 58.072510855643586 -28.465513725459022 58.435558766436934 3
-28.465513725459022 58.435558766436934 -27.7274821565702 58.78934200394729 3
-27.7274821565702 58.78934200394729 -26.985054530407936 59.1338044775652 3
-26.985054530407936 59.1338044775652 -26.23834855525712 59.46889157444282 3
-26.23834855525712 59.46889157444282 -25.487482617713823 59.794550168152746 3
-25.487482617713823 59.794550168152746 -24.732575763916056 60.11072862711075 3
-24.732575763916056 60.11072862711075 -23.973747680669426 60.417376822761824 3
-23.973747680669426 60.417376822761824 -23.21111867647122 60.71444613752784 3
-23.21111867647122 60.71444613752784 -22.44480966243638 61.00188947251554 3
-22.44480966243638 61.00188947251554 -21.674942133127498 61.2796612549839 3
-21.674942133127498 61.2796612549839 -20.90163814729227 61.54771744556947 3
-20.90163814729227 61.54771744556947 -20.125020308512003 61.806015545268565 3
-20.125020308512003 61.806015545268565 -19.34521174576324 62.05451460217527 3
-19.34521174576324 62.05451460217527 -18.562336093896132 62.293175217974245 3
-18.562336093896132 62.293175217974245 -17.77651747403301 62.52195955418703 3
-17.77651747403301 62.52195955418703 -16.987880473889476 62.7408313381712 3
-16.987880473889476 62.7408313381712 -16.196550128021414 62.94975586887125 3
-16.196550128021414 62.94975586887125 -15.40265189800179 63.14870002232019 3
-15.40265189800179 63.14870002232019 -14.606311652528875 63.33763225689131 3
-14.606311652528875 63.33763225689131 -13.807655647470762 63.51652261829884 3
-13.807655647470762 63.51652261829884 -13.006810505847952 63.685342744347096 3
-13.006810505847952 63.685342744347096 -12.203903197757716 63.8440658694272 3
-12.203903197757716 63.8440658694272 -11.39906102024395 63.99266682876058 3
-11.39906102024395 63.99266682876058 -10.592411577114675 64.13112206238877 3
-10.592411577114675 64.13112206238877 -9.784082758710896 64.2594096189087 3
-9.784082758710896 64.2594096189087 -8.974202721630576 64.377509158953 3
-8.974202721630576 64.377509158953 -8.162899868409827 64.4854019584147 3
-8.162899868409827 64.4854019584147 -7.3503028271651765 64.58307091141585 3
-7.3503028271651765 64.58307091141585 -6.536540431200521 64.67050053301953 3
-6.536540431200521 64.67050053301953 -5.72174169858108 64.74767696168503 3
-5.72174169858108 64.74767696168503 -4.906035811678028 64.81458796146538 3
-4.906035811678028 64.81458796146538 -4.089552096687663 64.8712229239474 3
-4.089552096687663 64.8712229239474 -3.2724200031269084 64.91757286993357 3
-3.2724200031269084 64.91757286993357 -2.4547690833101288 64.95363045086567 3
-2.4547690833101288 64.95363045086567 -1.6367289718090612 64.97938994998985 3
-1.6367289718090612 64.97938994998985 -0.8184293648997176 64.99484728326293 3
-0.8184293648997176 64.99484728326293 -1.592040838891559e-14 65.0 3
